 0.6035600000000000E+05, 0.3793120770000000E+08, 0.1900000000000000E-04,   8,     8,    1, 0.0000000000000000E+00, 0.0000000000000000E+00                                                
    2,    0,-0.7285426992347100E-02, 0.0000000000000000E+00, 0.1405082081789000E-10, 0.0000000000000000E+00             
    2,    1, 0.0000000000000000E+00, 0.0000000000000000E+00, 0.6207093975748000E-11, 0.6228738761788001E-11             
    2,    2, 0.0000000000000000E+00, 0.0000000000000000E+00, 0.3719052053616001E-11, 0.4547139721736001E-11             
    3,    0, 0.0000000000000000E+00, 0.0000000000000000E+00, 0.1069331191776000E-10, 0.0000000000000000E+00             
    3,    1, 0.0000000000000000E+00, 0.0000000000000000E+00, 0.6480416740334999E-11, 0.6519028905252000E-11             
    3,    2, 0.0000000000000000E+00, 0.0000000000000000E+00, 0.5427889064608999E-11, 0.5476024817422999E-11             
    3,    3, 0.0000000000000000E+00, 0.0000000000000000E+00, 0.3929764794169999E-11, 0.4165244069441000E-11             
    4,    0, 0.0000000000000000E+00, 0.0000000000000000E+00, 0.1143556287142000E-10, 0.0000000000000000E+00             
    4,    1, 0.0000000000000000E+00, 0.0000000000000000E+00, 0.7948599268506996E-11, 0.8020346852899001E-11             
    4,    2, 0.0000000000000000E+00, 0.0000000000000000E+00, 0.6527018272844000E-11, 0.6564914136543000E-11             
    4,    3, 0.0000000000000000E+00, 0.0000000000000000E+00, 0.4704704556566999E-11, 0.4706629570999001E-11             
    4,    4, 0.0000000000000000E+00, 0.0000000000000000E+00, 0.3012343452110000E-11, 0.2835983409789000E-11             
    5,    0, 0.0000000000000000E+00, 0.0000000000000000E+00, 0.1164713994879000E-10, 0.0000000000000000E+00             
    5,    1, 0.0000000000000000E+00, 0.0000000000000000E+00, 0.8665587509334999E-11, 0.8727427699375999E-11             
    5,    2, 0.0000000000000000E+00, 0.0000000000000000E+00, 0.7511456416487000E-11, 0.7602195653905000E-11             
    5,    3, 0.0000000000000000E+00, 0.0000000000000000E+00, 0.6131495735564999E-11, 0.6129561048016001E-11             
    5,    4, 0.0000000000000000E+00, 0.0000000000000000E+00, 0.4437527783706000E-11, 0.4439761224041000E-11             
    5,    5, 0.0000000000000000E+00, 0.0000000000000000E+00, 0.2995378018791000E-11, 0.2999674009512000E-11             
    6,    0, 0.0000000000000000E+00, 0.0000000000000000E+00, 0.1252532858919000E-10, 0.0000000000000000E+00          
    6,    1, 0.0000000000000000E+00, 0.0000000000000000E+00, 0.2995378018791000E-11, 0.2999674009512000E-11
    6,    2, 0.0000000000000000E+00, 0.0000000000000000E+00, 0.2995378018791000E-11, 0.2999674009512000E-11
    6,    3, 0.0000000000000000E+00, 0.0000000000000000E+00, 0.2995378018791000E-11, 0.2999674009512000E-11
    6,    4, 0.0000000000000000E+00, 0.0000000000000000E+00, 0.2995378018791000E-11, 0.2999674009512000E-11
    6,    5, 0.0000000000000000E+00, 0.0000000000000000E+00, 0.2995378018791000E-11, 0.2999674009512000E-11
    6,    6, 0.0000000000000000E+00, 0.0000000000000000E+00, 0.2995378018791000E-11, 0.2999674009512000E-11
    7,    0, 0.0000000000000000E+00, 0.0000000000000000E+00, 0.2995378018791000E-11, 0.2999674009512000E-11
    7,    1, 0.0000000000000000E+00, 0.0000000000000000E+00, 0.2995378018791000E-11, 0.2999674009512000E-11
    7,    2, 0.0000000000000000E+00, 0.0000000000000000E+00, 0.2995378018791000E-11, 0.2999674009512000E-11
    7,    3, 0.0000000000000000E+00, 0.0000000000000000E+00, 0.2995378018791000E-11, 0.2999674009512000E-11
    7,    4, 0.0000000000000000E+00, 0.0000000000000000E+00, 0.2995378018791000E-11, 0.2999674009512000E-11
    7,    5, 0.0000000000000000E+00, 0.0000000000000000E+00, 0.2995378018791000E-11, 0.2999674009512000E-11
    7,    6, 0.0000000000000000E+00, 0.0000000000000000E+00, 0.2995378018791000E-11, 0.2999674009512000E-11
    7,    7, 0.0000000000000000E+00, 0.0000000000000000E+00, 0.2995378018791000E-11, 0.2999674009512000E-11
    8,    0, 0.0000000000000000E+00, 0.0000000000000000E+00, 0.2995378018791000E-11, 0.2999674009512000E-11
    8,    1, 0.0000000000000000E+00, 0.0000000000000000E+00, 0.2995378018791000E-11, 0.2999674009512000E-11
    8,    2, 0.0000000000000000E+00, 0.0000000000000000E+00, 0.2995378018791000E-11, 0.2999674009512000E-11
    8,    3, 0.0000000000000000E+00, 0.0000000000000000E+00, 0.2995378018791000E-11, 0.2999674009512000E-11
    8,    4, 0.0000000000000000E+00, 0.0000000000000000E+00, 0.2995378018791000E-11, 0.2999674009512000E-11
    8,    5, 0.0000000000000000E+00, 0.0000000000000000E+00, 0.2995378018791000E-11, 0.2999674009512000E-11
    8,    6, 0.0000000000000000E+00, 0.0000000000000000E+00, 0.2995378018791000E-11, 0.2999674009512000E-11
    8,    7, 0.0000000000000000E+00, 0.0000000000000000E+00, 0.2995378018791000E-11, 0.2999674009512000E-11
    8,    8, 0.0000000000000000E+00, 0.0000000000000000E+00, 0.2995378018791000E-11, 0.2999674009512000E-11
   
